0.000 0.000 0.000
5953.306 4073.944 0.000
6154.802 3753.322 0.000
6399.186 3559.714 0.000
6116.096 3678.314 0.000
6027.273 3270.540 0.000
6345.458 2819.846 0.000
7092.238 -1438.127 0.000
7235.373 -1481.274 0.000
7133.235 -1084.493 0.000
6961.937 -966.855 0.000
6930.906 -460.235 0.000
6905.816 -791.053 0.000
6624.890 -650.849 0.000
7484.111 230.816 0.000
7166.607 -289.666 0.000
7021.009 -261.528 0.000
6831.423 -253.290 0.000
6910.694 113.810 0.000
6891.163 259.453 0.000
6848.110 703.198 0.000
7117.386 919.470 0.000
6723.034 349.220 0.000
6625.188 13.725 0.000
6432.417 716.051 0.000
6382.432 764.801 0.000
6654.306 832.317 0.000
6103.211 1526.098 0.000
6372.279 1826.031 0.000
6332.413 1406.074 0.000
6466.908 1152.470 0.000
6746.000 1133.883 0.000
6863.211 1629.859 0.000
6615.057 1433.311 0.000
6397.589 1959.522 0.000
6699.213 2331.779 0.000
6237.145 2203.916 0.000
7169.674 1581.458 0.000
6742.856 2639.058 0.000
6286.043 2745.074 0.000
6213.491 2421.561 0.000
6240.827 2506.641 0.000
6362.016 2630.220 0.000
4174.022 -1889.480 0.000
4593.506 -2725.972 0.000
4754.922 -2803.687 0.000
4835.320 -2816.254 0.000
4754.007 -3140.007 0.000
6139.734 -3040.467 0.000
5983.949 -2965.592 0.000
5338.095 -3071.732 0.000
5536.905 -2754.971 0.000
5292.733 -2663.582 0.000
5620.008 -3261.549 0.000
5785.890 -3157.930 0.000
6108.970 -3449.849 0.000
6119.830 -3688.118 0.000
6584.713 -3685.174 0.000
5474.680 -3489.940 0.000
5399.676 -3733.681 0.000
6008.590 -4058.671 0.000
6167.654 -4020.698 0.000
6070.161 -4362.442 0.000
6634.744 -2904.339 0.000
6034.741 -3016.542 0.000
6184.103 -2343.702 0.000
5245.177 -2427.346 0.000
5217.897 -2229.481 0.000
5938.471 -2499.805 0.000
5768.863 -2737.579 0.000
6314.194 -2735.708 0.000
5715.328 -2105.011 0.000
5461.521 -2200.737 0.000
5144.408 -2018.005 0.000
4999.947 -1880.023 0.000
4831.173 -2131.192 0.000
5933.045 -1917.563 0.000
6008.346 -2056.299 0.000
5217.624 -1290.862 0.000
5184.267 -1868.090 0.000
5030.134 -1177.935 0.000
4823.792 -1478.032 0.000
4553.484 -1433.792 0.000
4213.977 -1539.714 0.000
4612.886 -2330.408 0.000
4031.044 -1664.339 0.000
6882.827 -2289.130 0.000
6826.767 -2100.946 0.000
6279.834 -2192.811 0.000
6539.633 -1428.384 0.000
6705.499 -1646.178 0.000
6644.905 -2021.958 0.000
6856.715 -2137.877 0.000
6422.742 -2236.671 0.000
6222.610 -1954.112 0.000
6499.483 -1418.097 0.000
6069.287 -1257.037 0.000
6327.738 -1147.054 0.000
6541.627 -1143.170 0.000
6013.671 -1763.109 0.000
6007.183 -1729.739 0.000
5573.092 -1137.872 0.000
6197.612 -1296.346 0.000
5138.333 -1438.167 0.000
5596.843 -1332.447 0.000
5743.951 -838.779 0.000
6335.243 -630.292 0.000
6513.799 -800.333 0.000
6357.648 -419.472 0.000
6130.939 -815.697 0.000
5713.935 -966.688 0.000
5278.762 -611.253 0.000
5399.448 -337.892 0.000
5157.372 -889.876 0.000
4045.629 -981.838 0.000
4135.500 -620.321 0.000
4600.993 -724.049 0.000
4909.619 -738.214 0.000
4886.612 -935.559 0.000
4766.347 -1271.059 0.000
4432.464 -804.166 0.000
3878.407 -949.997 0.000
3709.321 -1058.754 0.000
4004.035 -893.341 0.000
4635.992 -1200.751 0.000
4456.636 -1335.177 0.000
4143.013 -1523.794 0.000
3876.862 -1270.530 0.000
4112.372 -1395.519 0.000
3619.720 -1309.918 0.000
3222.440 -1313.428 0.000
3306.115 -978.476 0.000
3215.733 -807.586 0.000
3094.288 -1004.833 0.000
5157.182 5047.785 0.000
5832.166 4377.185 0.000
5608.468 3853.967 0.000
5330.573 4563.370 0.000
5199.112 4449.312 0.000
5406.945 4224.465 0.000
5387.446 4056.402 0.000
5507.281 3756.360 0.000
4936.424 3705.561 0.000
5784.575 3781.104 0.000
4955.334 3936.687 0.000
4968.481 4035.478 0.000
4551.528 3370.567 0.000
5199.958 3677.093 0.000
4845.745 3525.718 0.000
4712.858 3547.584 0.000
5235.409 3198.782 0.000
5700.426 3325.486 0.000
5918.155 3449.065 0.000
5968.103 2718.068 0.000
3599.296 864.387 0.000
3550.650 1061.887 0.000
3713.899 1474.326 0.000
4330.352 1242.754 0.000
3544.199 1424.740 0.000
4958.731 2074.996 0.000
4515.465 1632.498 0.000
4390.973 1994.219 0.000
4360.143 1564.333 0.000
3999.557 1731.490 0.000
4257.393 2031.159 0.000
4420.020 2242.528 0.000
4829.866 2376.818 0.000
4949.365 2559.637 0.000
5235.485 2406.133 0.000
4056.441 2193.654 0.000
4195.899 2352.657 0.000
4822.668 2703.051 0.000
4432.948 2823.158 0.000
4478.193 2994.681 0.000
4888.162 3116.365 0.000
5406.484 3229.884 0.000
5495.205 3103.879 0.000
5422.252 2687.244 0.000
5667.582 2848.306 0.000
5645.494 2514.966 0.000
5818.533 2359.780 0.000
5572.867 2066.628 0.000
5073.141 1635.970 0.000
5501.698 1834.373 0.000
4323.339 1248.152 0.000
4541.312 1412.627 0.000
4811.770 1299.965 0.000
4936.557 1689.663 0.000
5156.026 1853.993 0.000
4819.022 1210.606 0.000
4766.363 1050.627 0.000
3978.986 1160.840 0.000
4361.626 986.419 0.000
3771.911 1030.719 0.000
5129.939 1026.907 0.000
5225.336 904.098 0.000
4721.876 248.128 0.000
4404.121 638.922 0.000
4916.621 550.138 0.000
4401.594 113.624 0.000
3951.684 384.947 0.000
3664.757 463.363 0.000
3794.036 702.877 0.000
3443.006 620.974 0.000
5659.825 2562.307 0.000
6061.492 2566.954 0.000
5716.947 1648.919 0.000
6340.913 2015.601 0.000
5750.020 1471.645 0.000
6136.554 987.811 0.000
6295.270 1058.459 0.000
5984.048 1468.279 0.000
6038.370 1431.346 0.000
5433.497 1377.586 0.000
6021.328 1080.536 0.000
5744.237 840.078 0.000
5809.927 465.782 0.000
5450.423 204.002 0.000
6299.890 355.826 0.000
5478.555 898.399 0.000
5419.904 924.810 0.000
5386.886 187.653 0.000
5594.850 180.439 0.000
5108.661 524.004 0.000
5639.160 -13.368 0.000
5795.947 283.008 0.000
6260.681 -104.800 0.000
6248.799 465.837 0.000
6429.824 -352.299 0.000
5947.814 38.890 0.000
5936.703 -234.112 0.000
5046.188 -316.044 0.000
4909.546 -230.593 0.000
4723.776 -154.578 0.000
3762.535 -248.122 0.000
4116.382 -549.869 0.000
4832.037 -340.307 0.000
4665.301 -435.515 0.000
4729.687 -81.345 0.000
4331.111 -77.415 0.000
4063.154 -265.940 0.000
3681.937 -508.219 0.000
3655.769 -222.001 0.000
3549.329 -436.485 0.000
4061.460 196.858 0.000
4004.841 168.774 0.000
3589.460 247.279 0.000
3232.039 126.004 0.000
3143.025 238.117 0.000
3072.482 96.923 0.000
3091.077 -59.449 0.000
3292.344 -752.002 0.000
3462.770 -471.813 0.000
2911.240 -849.530 0.000
2991.378 -599.753 0.000
2887.064 -156.212 0.000
3001.324 114.727 0.000
3010.510 250.609 0.000
3056.037 332.369 0.000
2609.150 728.122 0.000
2885.981 786.803 0.000
2626.930 788.496 0.000
2673.279 491.052 0.000
3052.498 578.951 0.000
3169.088 783.664 0.000
2897.454 944.485 0.000
2864.212 1333.725 0.000
3212.313 1598.866 0.000
2680.976 1439.205 0.000
2994.850 971.031 0.000
3511.984 1128.103 0.000
3430.323 1293.586 0.000
3424.297 1246.371 0.000
3614.032 1510.076 0.000
3266.309 1413.133 0.000
3019.768 1739.611 0.000
2846.410 1858.959 0.000
2651.365 1472.674 0.000
2718.219 2026.322 0.000
4556.085 4187.083 0.000
4681.743 4094.269 0.000
4589.036 3704.385 0.000
4117.130 3650.265 0.000
4374.100 3071.088 0.000
3275.153 3003.327 0.000
3507.121 2975.263 0.000
3630.003 3014.385 0.000
4108.963 3186.517 0.000
3986.910 3465.210 0.000
3905.108 3052.431 0.000
3668.886 2747.300 0.000
3215.148 2536.102 0.000
3170.263 2612.160 0.000
3246.538 2740.167 0.000
3788.347 2586.956 0.000
3935.102 2462.952 0.000
3760.023 2184.790 0.000
3644.612 2342.041 0.000
3966.562 2071.846 0.000
3106.029 1971.072 0.000
3292.824 2117.053 0.000
2720.182 2171.836 0.000
2840.478 2386.079 0.000
2578.925 2115.429 0.000
2515.083 2334.402 0.000
2745.977 2625.412 0.000
3049.062 3231.782 0.000
3323.839 3162.194 0.000
2795.298 3143.978 0.000
3763.889 3714.717 0.000
3871.342 3928.808 0.000
3669.331 3254.285 0.000
3177.258 3113.769 0.000
3156.656 3383.176 0.000
3293.204 3858.662 0.000
3311.559 3900.756 0.000
4186.307 3842.126 0.000
4151.145 4560.591 0.000
4203.451 3865.058 0.000
3005.098 3887.374 0.000
3254.179 4284.608 0.000
3529.800 4957.572 0.000
3969.107 4366.849 0.000
3629.632 4980.995 0.000
4102.484 5052.374 0.000
4287.451 4787.121 0.000
4469.092 4567.249 0.000
4440.465 4400.410 0.000
4811.374 4717.688 0.000
2338.755 2406.059 0.000
2679.531 2477.979 0.000
2495.775 2966.386 0.000
2665.656 3145.763 0.000
2536.853 3016.026 0.000
2321.578 4136.074 0.000
2445.001 4186.111 0.000
2873.468 3474.363 0.000
2309.076 3317.757 0.000
2836.493 3278.798 0.000
2753.325 3846.720 0.000
2688.473 4076.907 0.000
2384.867 4420.591 0.000
2991.118 4853.873 0.000
2307.453 4827.531 0.000
3223.052 3854.137 0.000
3144.277 4508.366 0.000
3168.088 4727.705 0.000
3243.984 4702.748 0.000
3553.575 4767.026 0.000
2960.558 5064.311 0.000
3031.235 4934.838 0.000
2488.207 5207.591 0.000
2654.940 5000.008 0.000
2140.114 5261.190 0.000
2735.181 5527.921 0.000
3225.066 5256.456 0.000
3083.439 5331.678 0.000
3597.830 5894.240 0.000
3378.439 5302.819 0.000
4608.563 6048.729 0.000
4097.252 5776.258 0.000
3805.115 5771.967 0.000
3907.468 5911.097 0.000
3403.166 5429.051 0.000
4337.068 5428.006 0.000
4164.049 5291.434 0.000
4640.567 5687.220 0.000
4741.067 5390.345 0.000
4229.248 5178.901 0.000
4319.016 5158.290 0.000
4500.108 5319.770 0.000
5076.398 5445.355 0.000
4770.081 4812.674 0.000
5312.741 5341.699 0.000
2604.816 -403.064 0.000
2379.573 -397.479 0.000
2258.553 219.454 0.000
2386.314 60.157 0.000
2316.846 198.786 0.000
2392.270 1010.822 0.000
2208.685 709.745 0.000
2301.592 426.609 0.000
2464.311 275.584 0.000
2234.246 150.627 0.000
1994.377 537.817 0.000
2105.696 808.475 0.000
1929.900 997.153 0.000
1687.862 1085.470 0.000
2133.688 1168.133 0.000
1946.872 676.028 0.000
1484.158 781.377 0.000
1691.299 1014.975 0.000
1667.502 927.936 0.000
1302.789 940.973 0.000
1595.193 1364.364 0.000
1951.106 1311.051 0.000
2114.439 1760.519 0.000
2479.725 1258.833 0.000
2329.255 1743.121 0.000
31.474 2633.715 0.000
469.127 2982.039 0.000
519.192 2548.118 0.000
639.010 2688.618 0.000
443.741 2621.929 0.000
1226.964 2357.960 0.000
974.907 2082.608 0.000
989.266 2642.473 0.000
1051.001 2367.407 0.000
1014.713 2190.816 0.000
857.152 2305.830 0.000
1210.286 2207.104 0.000
1572.870 1760.782 0.000
1601.868 2000.148 0.000
1344.217 2160.837 0.000
926.304 1860.731 0.000
990.028 1868.547 0.000
1217.875 1779.198 0.000
1440.007 1621.012 0.000
1348.134 1260.568 0.000
1767.192 1311.234 0.000
1710.902 1617.999 0.000
1830.764 2157.547 0.000
1580.764 1961.817 0.000
2158.853 1963.185 0.000
2057.943 2360.018 0.000
2234.348 2537.280 0.000
1414.537 2513.481 0.000
1509.973 2209.245 0.000
1846.451 2581.903 0.000
716.340 2834.249 0.000
1053.063 2632.789 0.000
1373.475 2697.311 0.000
1234.777 2727.733 0.000
1448.148 2909.769 0.000
988.636 2986.810 0.000
1034.300 3417.775 0.000
612.209 2957.149 0.000
594.782 3349.851 0.000
296.059 2830.172 0.000
1358.015 3213.273 0.000
1366.104 3450.063 0.000
1069.394 3446.350 0.000
579.227 3772.257 0.000
1175.388 3791.663 0.000
539.361 3749.391 0.000
633.636 3472.277 0.000
229.310 3350.395 0.000
235.267 3247.773 0.000
125.244 3243.155 0.000
2318.342 2389.304 0.000
1920.241 2369.110 0.000
2154.114 2662.181 0.000
1961.021 3228.416 0.000
2030.166 3121.252 0.000
2138.412 4302.135 0.000
1802.268 3539.732 0.000
1979.814 3501.151 0.000
2351.403 3280.063 0.000
1821.129 3203.307 0.000
1709.067 3545.566 0.000
1881.381 3759.137 0.000
1809.355 4364.375 0.000
1545.193 4226.538 0.000
2070.658 4677.763 0.000
1251.329 3297.682 0.000
1554.597 3707.466 0.000
1133.851 3955.423 0.000
1446.101 3956.052 0.000
929.003 4207.487 0.000
1348.628 4548.850 0.000
1339.435 4677.884 0.000
1707.220 5053.377 0.000
1898.591 4755.561 0.000
1715.423 5349.705 0.000
1670.480 5118.873 0.000
1417.943 5233.548 0.000
1187.222 4741.358 0.000
814.762 5039.021 0.000
1026.879 4249.052 0.000
150.699 4739.654 0.000
578.410 4500.892 0.000
687.162 4393.776 0.000
581.509 4813.502 0.000
740.697 4461.567 0.000
287.299 4542.718 0.000
298.819 4280.033 0.000
99.409 4595.210 0.000
57.879 4273.164 0.000
-280.972 4315.704 0.000
299.445 3717.904 0.000
195.851 3792.386 0.000
31.170 3650.336 0.000
-128.336 3687.333 0.000
-85.993 3471.694 0.000
-360.651 3619.128 0.000
-439.833 3906.021 0.000
-622.581 4418.309 0.000
-191.045 4427.783 0.000
-571.640 4449.975 0.000
-559.864 4470.302 0.000
-332.620 4907.708 0.000
69.156 5336.952 0.000
-1.209 4941.441 0.000
43.787 5378.371 0.000
865.658 5156.340 0.000
716.638 5211.369 0.000
245.135 5176.071 0.000
483.709 4912.091 0.000
364.948 5313.410 0.000
592.652 5617.002 0.000
799.636 5392.558 0.000
859.531 5723.702 0.000
1157.240 5893.605 0.000
1359.756 5004.776 0.000
742.713 6074.580 0.000
759.023 6080.164 0.000
939.352 6222.090 0.000
1319.292 6055.987 0.000
1578.950 6540.787 0.000
1482.322 6217.898 0.000
1996.670 5860.483 0.000
1736.738 5610.248 0.000
1548.889 5305.343 0.000
2102.120 5680.099 0.000
2661.618 6836.529 0.000
2520.149 6949.499 0.000
2407.708 6505.243 0.000
2297.292 6496.065 0.000
2026.492 6400.734 0.000
1801.572 6589.980 0.000
1661.924 6677.622 0.000
1612.871 6820.874 0.000
1812.356 6655.075 0.000
1822.608 6200.048 0.000
2236.056 6026.653 0.000
2514.885 6131.537 0.000
1866.977 5817.714 0.000
2470.092 5853.083 0.000
2699.489 6048.147 0.000
2834.410 6328.433 0.000
3170.287 6433.206 0.000
3103.105 6482.353 0.000
2277.801 5510.460 0.000
3206.079 5998.265 0.000
2956.397 6362.454 0.000
3392.483 6260.417 0.000
3348.463 6322.985 0.000
3735.436 6182.023 0.000
3723.638 6057.610 0.000
3644.273 6181.213 0.000
5013.381 -5231.909 0.000
4405.508 -2522.193 0.000
4588.680 -2499.465 0.000
4627.312 -2726.250 0.000
4379.957 -2820.484 0.000
4861.589 -3233.846 0.000
4596.769 -4236.493 0.000
4825.939 -4046.883 0.000
4769.772 -3791.861 0.000
4737.651 -3131.334 0.000
4791.389 -3052.208 0.000
5040.963 -3696.070 0.000
4971.698 -3991.358 0.000
4920.693 -4539.048 0.000
5204.956 -4347.229 0.000
5122.050 -4450.729 0.000
5564.676 -3409.551 0.000
5688.320 -4148.342 0.000
5690.084 -4022.818 0.000
5771.640 -4276.314 0.000
5732.608 -4642.983 0.000
5651.887 -4409.006 0.000
5074.312 -4833.817 0.000
5047.633 -5083.521 0.000
5217.701 -4829.334 0.000
5079.170 -5126.295 0.000
4879.457 -4781.233 0.000
4148.871 -4813.595 0.000
4265.548 -4020.925 0.000
4797.907 -4073.885 0.000
3930.742 -3847.980 0.000
4083.562 -3007.841 0.000
4254.719 -3273.880 0.000
4434.452 -3661.755 0.000
4640.796 -3541.412 0.000
3910.971 -3895.974 0.000
3680.387 -3452.353 0.000
3574.470 -3101.784 0.000
3787.973 -2732.603 0.000
3701.116 -2457.483 0.000
3999.947 -2614.639 0.000
3857.759 -3394.818 0.000
3390.472 -3285.019 0.000
2871.444 -2574.902 0.000
3172.680 -2392.005 0.000
2564.543 -2612.058 0.000
3118.551 -2595.002 0.000
3323.439 -2602.861 0.000
3880.982 -1937.746 0.000
4041.907 -2626.199 0.000
3941.454 -1952.488 0.000
4607.557 -4801.535 0.000
4425.525 -4970.144 0.000
3932.994 -4758.288 0.000
3785.524 -4687.475 0.000
3659.488 -4520.834 0.000
2578.632 -3868.691 0.000
3219.674 -3816.355 0.000
3221.165 -4108.069 0.000
3393.780 -4313.879 0.000
3643.573 -4027.116 0.000
3077.328 -3787.220 0.000
3042.391 -3654.332 0.000
2537.236 -3550.448 0.000
2523.931 -3237.832 0.000
2261.192 -3944.556 0.000
3307.770 -3381.156 0.000
3034.274 -3591.468 0.000
2810.569 -3050.887 0.000
2758.319 -3253.576 0.000
3011.211 -2979.364 0.000
2284.266 -2748.884 0.000
2261.893 -2887.467 0.000
1927.832 -3298.115 0.000
2173.053 -3461.435 0.000
2041.972 -3390.416 0.000
1940.769 -3032.899 0.000
2038.312 -2633.727 0.000
2163.667 -2444.914 0.000
2120.142 -2264.712 0.000
2499.932 -2668.206 0.000
2520.887 -1663.595 0.000
2718.836 -1625.038 0.000
2377.688 -1995.474 0.000
2470.596 -2355.324 0.000
2819.976 -2349.804 0.000
2753.039 -2190.724 0.000
2728.834 -1947.370 0.000
2802.661 -1724.433 0.000
3054.551 -1341.825 0.000
2761.461 -1394.911 0.000
2840.782 -2395.877 0.000
3326.056 -2086.360 0.000
3499.707 -1844.483 0.000
3210.601 -1815.239 0.000
3696.121 -1890.596 0.000
3524.160 -1209.733 0.000
3444.707 -1473.139 0.000
2934.617 -1206.740 0.000
2702.989 -1223.822 0.000
3041.597 -1092.367 0.000
-2651.705 -867.719 0.000
-2557.607 -865.643 0.000
-2408.336 -899.997 0.000
-2266.964 -989.096 0.000
-2486.475 -886.510 0.000
-1648.067 -1438.000 0.000
-1691.802 -1310.800 0.000
-1871.070 -1017.964 0.000
-1885.743 -1220.691 0.000
-2107.058 -679.958 0.000
-1666.258 -1076.578 0.000
-1644.774 -1196.011 0.000
-1307.368 -1262.172 0.000
-1474.124 -1256.436 0.000
-1267.299 -1514.960 0.000
-1954.785 -801.811 0.000
-1411.618 -832.557 0.000
-1223.482 -970.656 0.000
-1169.357 -784.878 0.000
-1019.824 -825.187 0.000
-1016.450 -968.620 0.000
-976.922 -1346.250 0.000
-842.788 -1484.061 0.000
-1105.996 -1549.061 0.000
-1138.031 -1756.653 0.000
1019.262 -640.581 0.000
969.229 -958.146 0.000
668.076 -848.768 0.000
444.641 -1193.602 0.000
363.826 -876.153 0.000
-306.753 -1247.385 0.000
165.475 -1269.556 0.000
194.332 -1301.242 0.000
351.795 -1194.366 0.000
431.798 -909.474 0.000
49.050 -901.590 0.000
15.643 -1161.491 0.000
-316.677 -1335.670 0.000
-461.243 -1271.341 0.000
-447.053 -1552.062 0.000
-62.342 -817.378 0.000
-201.089 -1067.360 0.000
-378.382 -875.003 0.000
-621.290 -1122.165 0.000
-529.801 -755.126 0.000
-967.982 -964.129 0.000
-1006.599 -1378.780 0.000
-747.008 -1425.938 0.000
-818.150 -1510.458 0.000
-774.280 -1778.691 0.000
-673.502 -2017.262 0.000
-334.647 -1810.167 0.000
-16.675 -1617.384 0.000
-90.103 -1624.417 0.000
404.055 -1800.979 0.000
653.162 -1485.447 0.000
485.805 -1545.720 0.000
593.263 -1558.687 0.000
248.885 -1435.998 0.000
371.473 -1802.939 0.000
559.892 -1705.446 0.000
1036.588 -1529.691 0.000
996.404 -1345.466 0.000
907.831 -1664.344 0.000
1244.877 -1243.778 0.000
684.989 -2035.507 0.000
904.464 -1830.606 0.000
1209.599 -1765.769 0.000
1087.013 -1737.237 0.000
1376.259 -1932.508 0.000
1322.422 -1746.856 0.000
1514.399 -1362.113 0.000
1374.811 -1079.556 0.000
1424.793 -1187.537 0.000
1475.925 -870.703 0.000
-398.971 -2003.583 0.000
-275.028 -2170.912 0.000
84.598 -2151.175 0.000
-121.527 -2160.460 0.000
208.865 -2041.772 0.000
587.357 -2522.169 0.000
671.388 -2566.096 0.000
410.612 -2236.865 0.000
290.688 -2419.968 0.000
511.917 -2177.783 0.000
751.917 -2343.940 0.000
760.683 -2374.045 0.000
738.944 -2724.970 0.000
939.143 -2440.735 0.000
1080.362 -2811.660 0.000
820.874 -2064.131 0.000
1109.729 -2165.835 0.000
1225.738 -2333.246 0.000
1476.797 -2120.945 0.000
1369.784 -2028.762 0.000
1269.141 -2257.787 0.000
1230.366 -2628.512 0.000
1434.333 -2967.014 0.000
1285.199 -2955.160 0.000
1536.892 -3336.776 0.000
1645.959 -2888.264 0.000
1681.220 -2470.214 0.000
1749.254 -2309.725 0.000
2215.174 -2374.814 0.000
1524.993 -2322.225 0.000
2513.214 -1776.319 0.000
2004.047 -1516.961 0.000
1866.208 -2012.092 0.000
2216.390 -1869.573 0.000
1802.213 -1878.862 0.000
1939.830 -1802.421 0.000
2018.354 -1545.053 0.000
2091.260 -1397.971 0.000
1888.743 -991.572 0.000
2324.478 -1274.572 0.000
1742.190 -1605.889 0.000
1639.538 -1219.999 0.000
1570.009 -1363.358 0.000
2043.083 -1257.309 0.000
1519.029 -693.696 0.000
1927.410 -837.985 0.000
2215.905 -564.365 0.000
2615.139 -819.720 0.000
2572.576 -1087.544 0.000
2968.558 -776.279 0.000
2503.775 -632.024 0.000
2187.188 -609.920 0.000
1930.376 -597.232 0.000
1754.128 -317.748 0.000
1494.380 -702.186 0.000
1093.312 -32.817 0.000
1184.076 -179.691 0.000
1417.300 -378.146 0.000
1556.577 -260.864 0.000
1371.951 -673.854 0.000
1282.557 -341.700 0.000
1321.616 -329.687 0.000
910.934 -399.777 0.000
691.794 -210.650 0.000
858.087 110.234 0.000
1165.484 -624.331 0.000
886.624 -441.237 0.000
560.831 -516.106 0.000
664.414 -337.244 0.000
604.485 -570.073 0.000
242.398 -165.780 0.000
588.129 -403.135 0.000
587.791 13.259 0.000
928.351 209.649 0.000
446.770 480.810 0.000
-1739.671 -677.167 0.000
-1699.662 -791.932 0.000
-1310.169 -735.226 0.000
-1100.941 -404.286 0.000
-758.516 -485.698 0.000
-430.614 -157.217 0.000
-631.055 21.291 0.000
-717.614 -404.967 0.000
-879.612 -396.815 0.000
-550.268 -577.137 0.000
-694.387 -386.548 0.000
-466.522 -328.640 0.000
-12.311 -213.181 0.000
-336.245 249.899 0.000
-605.313 -439.473 0.000
-392.391 -575.480 0.000
87.474 -342.674 0.000
-32.809 -682.512 0.000
186.593 -905.522 0.000
224.841 -345.561 0.000
328.790 -85.465 0.000
57.358 211.919 0.000
-152.253 139.607 0.000
221.496 313.769 0.000
60.519 566.528 0.000
-244.658 355.474 0.000
-405.341 296.419 0.000
-773.821 -39.531 0.000
-751.341 366.699 0.000
-1281.704 18.331 0.000
-1266.873 -146.292 0.000
-1015.977 316.659 0.000
-501.517 53.068 0.000
-858.383 179.696 0.000
-1203.677 214.164 0.000
-1443.217 236.209 0.000
-1398.633 -271.033 0.000
-1866.145 44.664 0.000
-1406.041 -368.610 0.000
-1333.545 351.692 0.000
-1279.617 423.282 0.000
-1985.210 340.350 0.000
-1861.167 51.981 0.000
-1920.562 371.131 0.000
-1801.010 167.090 0.000
-1842.985 -13.359 0.000
-1786.102 -226.318 0.000
-1482.641 -502.937 0.000
-1998.576 -691.430 0.000
-61.899 524.265 0.000
27.996 483.820 0.000
-396.280 641.989 0.000
-497.163 879.148 0.000
-566.244 599.652 0.000
-1124.888 967.206 0.000
-1025.692 1245.510 0.000
-1063.034 784.370 0.000
-722.118 1081.000 0.000
-986.125 737.763 0.000
-1093.421 798.881 0.000
-1382.409 1001.962 0.000
-1463.148 785.555 0.000
-1547.011 858.962 0.000
-1721.579 1265.565 0.000
-1260.574 694.422 0.000
-1247.258 711.811 0.000
-1772.901 435.848 0.000
-1784.348 909.370 0.000
-1873.390 509.047 0.000
-2157.042 1084.380 0.000
-1957.348 1111.958 0.000
-1923.635 1325.851 0.000
-1668.059 1240.640 0.000
-2056.272 1525.929 0.000
-2156.557 1283.107 0.000
-2094.299 860.966 0.000
-2184.219 987.458 0.000
-2575.317 680.886 0.000
-1899.091 621.031 0.000
-2865.029 14.902 0.000
-2729.352 307.373 0.000
-2210.602 237.191 0.000
-2851.036 445.207 0.000
-2490.110 474.634 0.000
-2145.657 216.663 0.000
-2471.489 41.417 0.000
-2856.640 -234.102 0.000
-2551.806 -250.038 0.000
-2741.497 -354.780 0.000
-2172.029 48.031 0.000
-2184.653 -163.559 0.000
-2080.712 -478.303 0.000
-2306.148 -264.788 0.000
-2396.641 -531.457 0.000
-2540.029 -452.525 0.000
-2914.801 -584.020 0.000
-2694.840 -693.642 0.000
-3240.051 -551.023 0.000
-3081.827 -778.775 0.000
2461.500 -470.782 0.000
2070.723 -287.842 0.000
2379.134 -283.087 0.000
2058.138 -354.651 0.000
2247.110 -89.266 0.000
1474.371 125.927 0.000
1318.156 198.832 0.000
1837.457 -7.348 0.000
1581.299 -147.713 0.000
2064.164 286.886 0.000
1606.647 299.455 0.000
1476.439 321.379 0.000
1124.337 146.343 0.000
1081.880 277.800 0.000
950.920 317.888 0.000
1678.490 455.736 0.000
1628.847 688.998 0.000
1275.004 1001.257 0.000
1404.798 593.992 0.000
1238.598 774.708 0.000
1065.913 774.611 0.000
1116.439 701.337 0.000
706.113 477.884 0.000
900.455 373.948 0.000
458.128 615.267 0.000
-122.838 2784.460 0.000
141.044 2768.235 0.000
304.276 2331.484 0.000
-55.702 1995.828 0.000
365.158 1947.871 0.000
307.442 1382.158 0.000
305.881 1552.859 0.000
381.141 1565.562 0.000
143.100 1950.797 0.000
631.951 2070.468 0.000
613.957 1764.654 0.000
285.096 1762.289 0.000
643.370 1467.458 0.000
850.831 1046.152 0.000
287.306 1104.063 0.000
927.444 1970.329 0.000
672.825 1785.036 0.000
866.934 1461.277 0.000
630.898 1391.823 0.000
1205.829 1051.478 0.000
625.221 958.976 0.000
720.189 1036.913 0.000
446.218 818.801 0.000
347.265 912.904 0.000
374.827 601.264 0.000
270.936 721.240 0.000
-88.384 978.956 0.000
-188.054 1247.201 0.000
-40.440 1495.892 0.000
-247.075 1118.086 0.000
-135.317 2181.735 0.000
-280.688 1812.190 0.000
26.904 1820.970 0.000
143.756 1602.687 0.000
4.631 1577.614 0.000
-655.194 1915.857 0.000
-270.175 2210.077 0.000
-447.283 2445.290 0.000
-489.219 2341.713 0.000
-76.430 2532.072 0.000
-387.924 1774.617 0.000
-821.105 1822.916 0.000
-651.519 2157.090 0.000
-883.314 2284.941 0.000
-746.218 2220.957 0.000
-541.644 2709.214 0.000
-626.339 2405.572 0.000
-132.509 2650.265 0.000
-350.806 2437.782 0.000
-436.167 3181.167 0.000
90.880 889.969 0.000
-53.509 926.278 0.000
-357.492 1097.268 0.000
-533.710 1192.887 0.000
-259.670 1127.630 0.000
-1096.194 1138.320 0.000
-1065.425 1252.793 0.000
-718.345 969.140 0.000
-489.972 1039.394 0.000
-746.371 1311.504 0.000
-847.122 1337.242 0.000
-901.362 1607.621 0.000
-1336.529 1710.088 0.000
-1361.382 1861.769 0.000
-1453.210 1501.813 0.000
-873.470 1589.508 0.000
-1002.895 1615.364 0.000
-1009.661 2174.310 0.000
-1159.909 1928.135 0.000
-1407.310 2195.061 0.000
-1624.638 2115.623 0.000
-1682.226 1899.432 0.000
-1688.509 1905.665 0.000
-1841.466 1634.451 0.000
-1974.330 1634.289 0.000
-1811.016 1863.935 0.000
-1397.560 2048.136 0.000
-1468.562 2128.071 0.000
-1406.476 2395.027 0.000
-1248.598 2541.262 0.000
-1429.208 3187.891 0.000
-1225.382 2943.800 0.000
-1524.272 2641.587 0.000
-1461.140 3119.762 0.000
-1153.428 2543.703 0.000
-1028.871 2864.654 0.000
-1203.046 3328.512 0.000
-1036.559 3425.733 0.000
-515.584 3355.424 0.000
-1325.436 3924.682 0.000
-994.579 2893.225 0.000
-792.615 3056.038 0.000
-544.939 3124.457 0.000
-630.761 3333.479 0.000
-451.372 3091.827 0.000
-230.905 3319.332 0.000
-887.474 3862.434 0.000
-592.068 3864.772 0.000
-937.017 3850.323 0.000
-1071.246 4426.206 0.000
-1074.854 4080.668 0.000
-1509.578 4297.128 0.000
-1569.369 3690.483 0.000
-1526.231 3218.218 0.000
-1972.243 3549.305 0.000
-2037.039 2495.504 0.000
-1810.334 3041.825 0.000
-1860.403 3190.085 0.000
-1259.309 3046.547 0.000
-1770.951 3308.802 0.000
-1875.789 3303.322 0.000
-2319.587 2978.840 0.000
-1798.396 2429.401 0.000
-2368.353 2856.824 0.000
-1976.810 2261.890 0.000
-2396.186 3465.704 0.000
-2362.082 2954.109 0.000
-2769.273 3078.084 0.000
-2380.521 2624.575 0.000
-2691.563 3094.444 0.000
-2610.650 2618.657 0.000
-2502.265 2249.088 0.000
-2138.065 1781.028 0.000
-2070.092 2241.995 0.000
-2079.534 1619.770 0.000
-4940.643 1650.048 0.000
-4738.806 1632.769 0.000
-4503.522 1726.445 0.000
-4413.129 1589.244 0.000
-3992.483 1732.982 0.000
-2856.593 1581.365 0.000
-3420.020 1869.504 0.000
-3818.819 1828.420 0.000
-3814.171 1542.221 0.000
-3813.966 1618.290 0.000
-3516.478 1909.530 0.000
-3400.051 1846.097 0.000
-2961.351 1715.036 0.000
-2801.589 2070.190 0.000
-2675.497 1870.501 0.000
-3807.798 2286.989 0.000
-3415.144 2619.543 0.000
-3406.878 2468.780 0.000
-2893.361 2406.580 0.000
-2892.079 2863.230 0.000
-2717.303 2369.485 0.000
-2621.243 2184.210 0.000
-2446.537 1891.932 0.000
-2767.514 1676.004 0.000
-2241.130 1964.117 0.000
-2725.069 1375.331 0.000
-2357.393 1385.857 0.000
-2903.069 1360.742 0.000
-3270.552 1430.803 0.000
-3244.505 1347.089 0.000
-3901.558 1113.643 0.000
-3848.930 1272.255 0.000
-3474.118 1213.965 0.000
-3385.239 1537.271 0.000
-3274.785 1044.631 0.000
-3748.320 1344.762 0.000
-3884.406 1126.371 0.000
-3963.617 1095.221 0.000
-4450.429 1025.481 0.000
-4480.088 1318.139 0.000
-3801.786 833.345 0.000
-3889.906 632.515 0.000
-4255.274 734.403 0.000
-4266.950 822.527 0.000
-3982.313 430.796 0.000
-4220.071 548.274 0.000
-4550.280 786.586 0.000
-4823.188 1403.244 0.000
-4743.425 1106.937 0.000
-5100.476 1600.713 0.000
-2507.275 1376.654 0.000
-2230.572 1194.373 0.000
-2832.044 1006.638 0.000
-2572.803 837.891 0.000
-2947.938 997.440 0.000
-2707.021 190.180 0.000
-3191.550 350.615 0.000
-3030.777 444.174 0.000
-2878.289 790.233 0.000
-3153.238 1113.099 0.000
-3100.569 357.176 0.000
-3217.087 485.009 0.000
-3471.579 304.972 0.000
-3643.397 207.320 0.000
-3225.698 -88.629 0.000
-3428.869 604.504 0.000
-3445.538 451.184 0.000
-3970.172 292.655 0.000
-3810.916 438.049 0.000
-4074.005 265.365 0.000
-3637.476 113.810 0.000
-3583.314 -199.207 0.000
-3501.541 -419.865 0.000
-3334.639 -61.335 0.000
-3466.769 -801.984 0.000
-3522.770 -599.492 0.000
-3899.252 -343.598 0.000
-4305.683 202.798 0.000
-4536.500 -236.496 0.000
-4296.367 -112.736 0.000
-5537.320 216.177 0.000
-5253.121 187.881 0.000
-4727.121 96.438 0.000
-4459.593 -96.766 0.000
-4452.080 158.470 0.000
-4638.061 404.818 0.000
-5094.040 405.617 0.000
-5597.474 433.551 0.000
-5458.643 666.608 0.000
-5881.624 584.662 0.000
-4785.054 341.341 0.000
-4977.495 763.165 0.000
-5461.912 997.572 0.000
-5624.977 753.033 0.000
-5345.491 1368.365 0.000
-5558.891 1222.880 0.000
-5977.353 906.865 0.000
-6385.698 943.545 0.000
-6341.037 647.642 0.000
-6536.256 488.312 0.000
-6683.141 877.260 0.000
-6499.638 1181.911 0.000
-6130.901 976.673 0.000
-6240.664 1898.352 0.000
-5626.775 1397.067 0.000
-5454.688 2406.866 0.000
-5569.166 2485.327 0.000
-5754.362 1983.980 0.000
-5809.176 1819.468 0.000
-5440.635 1778.392 0.000
-5142.889 1861.765 0.000
-5340.600 2002.548 0.000
-5045.054 2214.426 0.000
-4876.243 2563.099 0.000
-5138.057 2792.423 0.000
-5039.411 1699.018 0.000
-4870.284 2006.711 0.000
-4771.541 2023.642 0.000
-4996.283 2328.977 0.000
-4413.317 2291.491 0.000
-4627.740 2194.303 0.000
-4997.941 2724.206 0.000
-5377.382 3008.296 0.000
-5199.533 2811.182 0.000
-5377.686 3420.242 0.000
-2412.023 3468.135 0.000
-2402.023 3021.837 0.000
-2849.684 3201.164 0.000
-3288.365 3544.050 0.000
-2615.504 3088.664 0.000
-4288.025 3170.098 0.000
-3752.140 3170.559 0.000
-3374.874 3181.261 0.000
-3195.047 3601.429 0.000
-3435.191 2809.475 0.000
-3503.112 2926.331 0.000
-3990.819 2923.454 0.000
-4137.271 3112.443 0.000
-4231.033 3042.718 0.000
-4018.958 3326.109 0.000
-3584.986 2634.630 0.000
-3754.206 2288.174 0.000
-3915.810 2470.065 0.000
-4009.337 2635.658 0.000
-4082.417 2338.298 0.000
-4482.376 2509.646 0.000
-4356.668 2844.011 0.000
-4877.004 3217.102 0.000
-4368.614 3510.840 0.000
-5313.168 3329.148 0.000
-4737.807 3417.496 0.000
-4867.295 3888.577 0.000
-4428.466 3816.997 0.000
-4413.031 3728.055 0.000
-4076.285 4016.887 0.000
-3155.944 3314.872 0.000
-3420.828 4056.187 0.000
-3595.707 4016.361 0.000
-3923.204 3596.197 0.000
-3958.066 4011.442 0.000
-3575.138 4088.903 0.000
-3036.999 4159.973 0.000
-2822.683 3878.315 0.000
-2635.701 4366.530 0.000
-2762.926 3766.125 0.000
-3649.681 4397.220 0.000
-3475.864 4553.685 0.000
-3118.249 4710.869 0.000
-2836.050 4531.712 0.000
-3044.364 4977.229 0.000
-2839.969 4745.039 0.000
-2593.778 4089.828 0.000
-2495.572 3551.169 0.000
-2214.150 3776.625 0.000
-2107.656 3592.172 0.000
-4886.659 3692.641 0.000
-5129.487 4037.978 0.000
-4514.014 4190.403 0.000
-4897.251 4743.019 0.000
-4083.389 4165.370 0.000
-4445.192 5363.724 0.000
-4262.328 5144.565 0.000
-4421.173 4674.732 0.000
-4669.605 4633.840 0.000
-4258.165 4513.322 0.000
-4108.092 4856.655 0.000
-4221.041 4825.923 0.000
-4078.292 5631.533 0.000
-3940.015 5750.606 0.000
-4201.080 5527.310 0.000
-3797.997 4429.552 0.000
-3749.181 4629.886 0.000
-3508.913 4770.818 0.000
-3737.240 5208.852 0.000
-3184.658 4905.563 0.000
-3556.319 5668.578 0.000
-3377.651 5761.027 0.000
-3883.541 6338.839 0.000
-3772.655 5952.667 0.000
-3627.378 6282.454 0.000
-3646.699 6138.385 0.000
-3358.261 5970.140 0.000
-3172.829 5334.069 0.000
-2601.205 5931.263 0.000
-3076.043 5698.086 0.000
-1990.862 5269.002 0.000
-2061.425 4856.021 0.000
-2459.441 5649.086 0.000
-2547.247 5824.661 0.000
-2874.437 5271.461 0.000
-2585.215 5264.163 0.000
-2437.126 5212.565 0.000
-1972.449 4858.773 0.000
-1889.917 4543.160 0.000
-1680.708 4827.282 0.000
-2536.330 4351.491 0.000
-2194.998 4219.421 0.000
-2202.568 4481.973 0.000
-1939.013 4255.628 0.000
-2073.796 4075.222 0.000
-1638.670 4258.163 0.000
-1549.767 4189.117 0.000
-1323.028 4448.405 0.000
-1613.573 4779.262 0.000
-1137.119 4661.715 0.000
-1316.202 6720.920 0.000
-1308.812 7194.800 0.000
-1781.469 7453.572 0.000
-2168.494 7185.353 0.000
-1183.607 6948.201 0.000
-2315.067 6893.439 0.000
-1813.553 6868.641 0.000
-2354.961 6391.361 0.000
-2344.080 6644.478 0.000
-1768.478 6529.283 0.000
-1513.173 6404.075 0.000
-1342.930 7126.308 0.000
-1392.986 6391.904 0.000
-2826.550 6932.386 0.000
-3073.402 6796.396 0.000
-2797.996 6640.869 0.000
-2771.357 6510.450 0.000
-3427.365 6853.727 0.000
-3345.778 6540.848 0.000
-3598.069 6333.370 0.000
-3086.475 6347.101 0.000
-2795.183 6007.188 0.000
-2738.590 6576.244 0.000
-1904.229 5373.263 0.000
-2387.606 5730.319 0.000
-2024.412 5959.009 0.000
-2750.130 5908.571 0.000
-2201.668 5979.877 0.000
-1953.130 5954.413 0.000
-2084.298 6012.473 0.000
-1921.374 5441.594 0.000
-1478.816 5960.268 0.000
-1862.645 5312.775 0.000
-2246.202 6302.071 0.000
-1854.487 6326.382 0.000
-1502.773 6143.394 0.000
-1623.654 5807.448 0.000
-1331.913 6262.434 0.000
-1100.557 5713.773 0.000
-1197.238 5267.522 0.000
-1216.689 4973.154 0.000
-1119.731 5309.219 0.000
-970.713 5143.896 0.000
-955.671 5235.073 0.000
-750.703 5576.843 0.000
-570.098 5969.908 0.000
-796.332 5687.859 0.000
-888.627 6163.003 0.000
-141.520 6922.548 0.000
-248.091 6762.436 0.000
-514.337 6506.415 0.000
-257.342 6069.778 0.000
-939.452 6330.937 0.000
-1026.302 7037.425 0.000
-387.138 6906.609 0.000
-165.724 7489.371 0.000
-46.542 7330.390 0.000
-962.946 6938.017 0.000
-916.600 7253.385 0.000
-671.047 5058.777 0.000
-393.921 5039.868 0.000
-388.467 5509.621 0.000
-566.676 5480.943 0.000
-308.298 5389.144 0.000
216.584 7038.072 0.000
70.639 6646.132 0.000
-153.725 6176.770 0.000
-292.577 6209.076 0.000
41.830 6132.688 0.000
625.310 6108.904 0.000
557.973 6345.917 0.000
490.442 7260.384 0.000
516.723 6763.375 0.000
373.739 7116.928 0.000
382.992 6355.075 0.000
503.667 6093.969 0.000
936.837 6644.352 0.000
1004.755 6929.920 0.000
1420.134 6697.498 0.000
962.735 7087.854 0.000
1116.528 7448.606 0.000
355.426 7395.888 0.000
1522.149 7116.450 0.000
1331.641 7116.740 0.000
1287.957 7018.703 0.000
2451.780 -7125.462 0.000
2571.632 -6701.862 0.000
2022.125 -7342.829 0.000
2165.955 -7080.275 0.000
1274.141 -7406.690 0.000
657.597 -7382.422 0.000
1807.351 -7036.604 0.000
1512.351 -7139.200 0.000
1766.745 -7115.693 0.000
1425.950 -6864.126 0.000
1231.183 -6794.545 0.000
896.904 -7016.773 0.000
983.148 -7240.563 0.000
847.989 -6799.298 0.000
6.796 -7640.650 0.000
393.583 -7150.345 0.000
536.350 -7348.155 0.000
459.539 -6929.227 0.000
130.505 -7003.114 0.000
19.960 -7406.873 0.000
-533.433 -7717.517 0.000
-531.915 -7398.527 0.000
-796.977 -7551.966 0.000
-205.464 -6832.143 0.000
-83.515 -7098.431 0.000
-685.277 -6771.543 0.000
-689.541 -7119.824 0.000
-805.040 -6852.175 0.000
-1132.695 -7429.989 0.000
-1123.407 -7215.442 0.000
-936.855 -7354.460 0.000
-1188.797 -6884.919 0.000
-1563.949 -7120.961 0.000
-1308.126 -7224.253 0.000
-1581.997 -6915.143 0.000
-1784.730 -6848.796 0.000
-1824.668 -6947.767 0.000
-2100.100 -7555.761 0.000
-2455.462 -6970.963 0.000
-2372.870 -7044.753 0.000
-3339.575 -6822.317 0.000
-2965.862 -6955.506 0.000
-2415.313 -6943.058 0.000
4871.982 -5672.820 0.000
2520.514 -6507.377 0.000
2673.489 -6838.342 0.000
2986.998 -6595.964 0.000
2921.423 -6325.506 0.000
3125.091 -6363.735 0.000
4116.172 -5829.733 0.000
3636.748 -6069.326 0.000
3532.157 -6299.606 0.000
3177.118 -6348.781 0.000
3318.824 -6845.415 0.000
4034.491 -6040.622 0.000
4008.010 -6097.896 0.000
4277.502 -5883.842 0.000
4680.429 -5655.248 0.000
4377.575 -5871.213 0.000
4595.625 -5563.714 0.000
4283.439 -5271.825 0.000
4018.537 -5445.365 0.000
3802.292 -5407.745 0.000
3547.186 -5553.904 0.000
3782.772 -5249.854 0.000
2881.022 -6176.198 0.000
3079.071 -6212.868 0.000
3277.415 -5752.766 0.000
3515.148 -5977.488 0.000
3258.053 -5501.492 0.000
2758.220 -5173.438 0.000
3119.082 -5822.310 0.000
2619.464 -5984.035 0.000
2114.927 -5740.437 0.000
2508.418 -6253.735 0.000
2942.367 -5561.693 0.000
2697.431 -4895.167 0.000
2064.674 -5078.122 0.000
2094.705 -5604.920 0.000
2102.313 -4893.186 0.000
2270.890 -5656.144 0.000
1869.155 -5565.255 0.000
2105.524 -6298.903 0.000
2373.229 -6600.635 0.000
1863.288 -6308.325 0.000
4324.180 -5006.239 0.000
4169.469 -5047.297 0.000
3617.118 -4948.137 0.000
3672.381 -4669.239 0.000
3311.617 -5012.069 0.000
2817.720 -4206.651 0.000
2900.013 -4315.552 0.000
3120.248 -4849.763 0.000
3457.005 -4314.307 0.000
3314.951 -4722.908 0.000
3044.543 -4777.564 0.000
2656.441 -4757.403 0.000
2464.589 -3988.773 0.000
2295.349 -4103.190 0.000
2487.024 -3921.828 0.000
2500.021 -5008.806 0.000
2570.222 -4968.390 0.000
2055.648 -4595.721 0.000
1877.463 -4516.804 0.000
1959.370 -4958.163 0.000
2215.594 -4396.677 0.000
1783.379 -4163.135 0.000
1631.849 -3581.156 0.000
1833.329 -3808.482 0.000
1649.003 -3452.522 0.000
1730.215 -3956.777 0.000
1384.271 -4217.921 0.000
1195.061 -4449.002 0.000
1308.228 -4482.198 0.000
1670.465 -4803.595 0.000
1024.406 -5558.853 0.000
1376.473 -5150.111 0.000
1519.371 -5062.388 0.000
1353.988 -4941.833 0.000
1755.834 -4674.580 0.000
1519.082 -5486.181 0.000
1012.400 -5611.786 0.000
1141.691 -5894.420 0.000
1176.280 -6126.964 0.000
886.190 -5991.690 0.000
1886.095 -5531.092 0.000
2155.959 -5914.337 0.000
1700.822 -5994.540 0.000
1643.739 -6334.646 0.000
1971.027 -6673.368 0.000
1338.484 -6901.413 0.000
1189.394 -6525.855 0.000
445.711 -6496.675 0.000
1233.799 -6268.693 0.000
480.473 -6544.552 0.000
-2911.322 -1012.055 0.000
-2818.037 -930.898 0.000
-2654.338 -1552.794 0.000
-2341.792 -1335.348 0.000
-2832.667 -1595.444 0.000
-1780.353 -1584.711 0.000
-2070.799 -1636.771 0.000
-2244.509 -1556.794 0.000
-2224.920 -1443.336 0.000
-2428.378 -1385.861 0.000
-2252.055 -1758.269 0.000
-2077.519 -1810.616 0.000
-1756.404 -1913.279 0.000
-1913.858 -1895.884 0.000
-1533.024 -1785.487 0.000
-2137.036 -1741.181 0.000
-2102.221 -2146.022 0.000
-2026.798 -2368.577 0.000
-1581.072 -2046.345 0.000
-1685.238 -2748.801 0.000
-1434.652 -2259.360 0.000
-1359.903 -2094.950 0.000
-1209.511 -2049.901 0.000
-1350.977 -1787.169 0.000
-1151.671 -1846.736 0.000
-433.491 -4601.922 0.000
-869.084 -4528.756 0.000
-681.241 -3832.501 0.000
-681.513 -4034.058 0.000
-918.042 -3845.076 0.000
-859.237 -3095.858 0.000
-1091.260 -3340.734 0.000
-1039.788 -3807.052 0.000
-753.364 -3623.123 0.000
-1044.707 -3716.531 0.000
-1074.114 -3321.141 0.000
-1161.438 -3083.600 0.000
-1179.325 -2641.092 0.000
-1272.903 -2704.563 0.000
-929.774 -2878.020 0.000
-1262.003 -3502.042 0.000
-1529.905 -3357.301 0.000
-1769.907 -2909.152 0.000
-1353.280 -2718.788 0.000
-1614.659 -2761.102 0.000
-1557.823 -2567.975 0.000
-1384.390 -2352.401 0.000
-892.378 -2362.221 0.000
-828.032 -2387.781 0.000
-717.988 -2054.622 0.000
-487.957 -2525.374 0.000
-781.379 -2316.081 0.000
-342.273 -2765.869 0.000
-555.177 -2884.075 0.000
-267.295 -2797.996 0.000
-423.417 -3892.960 0.000
-720.698 -3669.071 0.000
-704.976 -3426.768 0.000
-553.674 -3536.755 0.000
-529.926 -3113.031 0.000
-370.681 -3467.576 0.000
-152.906 -3748.648 0.000
-287.837 -4110.225 0.000
-201.463 -4445.053 0.000
-418.083 -4340.916 0.000
-156.563 -3483.672 0.000
-181.741 -3518.158 0.000
541.519 -4118.876 0.000
399.617 -3892.607 0.000
433.024 -4283.730 0.000
174.902 -4502.961 0.000
276.448 -4502.718 0.000
132.047 -4691.813 0.000
-287.162 -4531.193 0.000
-630.646 -4939.614 0.000
-738.895 -2432.963 0.000
-537.381 -2315.027 0.000
-180.920 -2591.230 0.000
-91.016 -2352.911 0.000
-108.181 -2762.839 0.000
586.002 -2840.450 0.000
357.678 -3122.586 0.000
-41.166 -2730.089 0.000
52.938 -2530.427 0.000
-76.895 -2714.873 0.000
176.971 -3079.888 0.000
423.011 -3284.665 0.000
856.101 -3060.867 0.000
749.340 -3651.443 0.000
950.692 -3196.060 0.000
205.708 -3180.173 0.000
251.466 -3489.456 0.000
532.062 -3850.272 0.000
992.976 -3519.202 0.000
465.295 -3906.855 0.000
819.540 -3844.411 0.000
1164.107 -3687.278 0.000
1245.042 -3321.329 0.000
1019.534 -3443.894 0.000
1476.019 -3306.621 0.000
1444.613 -3829.327 0.000
1450.570 -4035.450 0.000
1068.961 -4148.111 0.000
1406.373 -4036.550 0.000
806.944 -4176.645 0.000
866.578 -5473.523 0.000
840.474 -5120.661 0.000
834.815 -4695.341 0.000
1060.350 -4740.847 0.000
1121.537 -4469.748 0.000
744.641 -4985.390 0.000
433.048 -4908.222 0.000
508.761 -5434.897 0.000
458.461 -5819.089 0.000
332.901 -5709.322 0.000
609.592 -4823.654 0.000
216.670 -4770.117 0.000
329.804 -5230.638 0.000
219.006 -5230.964 0.000
-527.579 -5098.647 0.000
-64.946 -5533.656 0.000
268.312 -5778.835 0.000
223.624 -6168.319 0.000
333.514 -5718.249 0.000
247.692 -6546.681 0.000
247.266 -6258.898 0.000
-101.750 -6467.061 0.000
-138.640 -5578.785 0.000
-416.494 -6005.325 0.000
-330.751 -5288.808 0.000
-1556.353 -5721.770 0.000
-1009.346 -5744.424 0.000
-945.197 -5712.938 0.000
-768.488 -5389.558 0.000
-537.523 -5454.932 0.000
-531.836 -5331.147 0.000
-778.918 -4916.171 0.000
-1803.143 -5041.644 0.000
-1412.906 -4903.320 0.000
-1711.196 -5217.937 0.000
-1007.177 -4646.929 0.000
-561.368 -4517.174 0.000
-1107.535 -4409.395 0.000
-1225.749 -4584.261 0.000
-1078.394 -4376.563 0.000
-1431.416 -4395.525 0.000
-1747.449 -4542.998 0.000
-2017.212 -5009.662 0.000
-1668.963 -5406.692 0.000
-2101.024 -5159.374 0.000
-2398.464 -2127.708 0.000
-2324.853 -2306.396 0.000
-2181.878 -2484.969 0.000
-2387.294 -2733.963 0.000
-2084.114 -2594.603 0.000
-2479.134 -3859.443 0.000
-2234.638 -3475.412 0.000
-2205.873 -3018.972 0.000
-2363.104 -3050.864 0.000
-2117.790 -2595.907 0.000
-1959.395 -3235.639 0.000
-2071.828 -3692.344 0.000
-2085.290 -3852.391 0.000
-1988.459 -4240.994 0.000
-2136.822 -4433.815 0.000
-1737.623 -3164.706 0.000
-1590.280 -3326.602 0.000
-1498.867 -3592.152 0.000
-1705.628 -3747.719 0.000
-1446.485 -3607.028 0.000
-1607.841 -3831.007 0.000
-1667.072 -4431.284 0.000
-2121.310 -4338.420 0.000
-2269.966 -4356.338 0.000
-2481.017 -5047.252 0.000
-2557.040 -4474.564 0.000
-2545.451 -4276.376 0.000
-2605.309 -3594.851 0.000
-2544.602 -3784.696 0.000
-2965.977 -3920.975 0.000
-2611.203 -2674.302 0.000
-2778.640 -2937.496 0.000
-2551.591 -3373.384 0.000
-2567.950 -3400.319 0.000
-3113.659 -3920.717 0.000
-3052.705 -3265.153 0.000
-2851.705 -2703.649 0.000
-2864.762 -2622.345 0.000
-3053.384 -2621.579 0.000
-2617.777 -2277.745 0.000
-3345.408 -3234.994 0.000
-3089.643 -3283.606 0.000
-3218.034 -2876.039 0.000
-3217.867 -2363.866 0.000
-3876.183 -2717.529 0.000
-3357.910 -2785.153 0.000
-3197.919 -2244.686 0.000
-2672.697 -2027.372 0.000
-2720.676 -2125.927 0.000
-2505.086 -1929.450 0.000
-2612.419 -4624.643 0.000
-2842.002 -4667.094 0.000
-3055.227 -4194.448 0.000
-3388.207 -4414.834 0.000
-3118.067 -4010.677 0.000
-4149.588 -4060.060 0.000
-3742.308 -3827.270 0.000
-3516.934 -4054.517 0.000
-3577.079 -4064.128 0.000
-3257.615 -3733.526 0.000
-3713.683 -3854.072 0.000
-3842.268 -4148.323 0.000
-4216.487 -3756.445 0.000
-4098.529 -3284.171 0.000
-4468.338 -3855.561 0.000
-3542.739 -3611.069 0.000
-3495.163 -3417.813 0.000
-3815.636 -3096.158 0.000
-3829.907 -3356.052 0.000
-3928.920 -2802.047 0.000
-4116.102 -3000.646 0.000
-4237.677 -3144.702 0.000
-4651.701 -3550.070 0.000
-4311.609 -3933.722 0.000
-5158.067 -3655.120 0.000
-4757.956 -3197.486 0.000
-4705.714 -3169.678 0.000
-4178.492 -3084.782 0.000
-4577.581 -2626.106 0.000
-4221.707 -2515.433 0.000
-3710.262 -1731.171 0.000
-3698.747 -1782.684 0.000
-4184.681 -2586.517 0.000
-4043.328 -2154.327 0.000
-4122.281 -2257.799 0.000
-3876.651 -2040.258 0.000
-3870.032 -1997.688 0.000
-3874.199 -1559.444 0.000
-3170.303 -1873.652 0.000
-3474.582 -1208.583 0.000
-3766.930 -2219.968 0.000
-3416.577 -1798.249 0.000
-2992.781 -1908.334 0.000
-3099.630 -1817.525 0.000
-2806.615 -1673.242 0.000
-3109.498 -1535.411 0.000
-3037.076 -1354.352 0.000
-3303.757 -1472.571 0.000
-3453.420 -1340.431 0.000
-3205.449 -676.726 0.000
284.115 -6439.585 0.000
-505.700 -6736.614 0.000
-615.697 -6610.862 0.000
-825.647 -5962.790 0.000
-833.753 -6845.252 0.000
-1425.416 -5537.076 0.000
-1086.381 -5957.970 0.000
-1090.809 -6470.565 0.000
-887.836 -5992.025 0.000
-985.270 -6500.699 0.000
-1365.685 -6212.304 0.000
-1639.453 -5962.860 0.000
-1389.778 -5881.805 0.000
-2089.118 -5973.290 0.000
-1768.003 -5514.948 0.000
-1324.431 -6815.251 0.000
-1658.186 -6510.318 0.000
-2158.416 -6509.784 0.000
-2047.793 -6261.349 0.000
-2584.595 -6854.512 0.000
-2356.206 -6208.934 0.000
-2070.820 -5617.960 0.000
-1944.998 -5733.821 0.000
-1803.066 -5696.061 0.000
-2328.125 -5455.410 0.000
-3415.552 -5902.089 0.000
-3217.913 -5888.259 0.000
-3771.390 -6492.250 0.000
-3978.580 -6137.169 0.000
-4106.663 -6613.815 0.000
-3433.463 -6760.154 0.000
-3387.424 -6337.501 0.000
-3146.900 -5886.139 0.000
-2839.296 -6165.291 0.000
-3142.330 -5939.016 0.000
-3569.175 -6647.696 0.000
-3130.279 -6461.214 0.000
-3070.678 -6733.256 0.000
-2880.975 -6331.411 0.000
-2963.852 -6769.084 0.000
-2598.568 -6233.010 0.000
-2623.183 -6284.295 0.000
-2471.145 -5631.920 0.000
-3057.714 -5592.150 0.000
-2463.641 -5302.043 0.000
-2708.863 -5285.749 0.000
-3112.645 -5272.193 0.000
-3620.532 -5168.763 0.000
-3547.975 -5587.730 0.000
-4031.038 -5393.453 0.000
-4531.430 -6337.721 0.000
-4339.783 -6114.571 0.000
-4288.474 -5840.821 0.000
-3901.662 -6030.379 0.000
-4208.156 -5728.718 0.000
-4321.872 -5579.270 0.000
-4398.287 -5869.038 0.000
-4781.616 -6037.751 0.000
-4945.112 -5854.365 0.000
-4679.559 -5339.964 0.000
-4630.249 -5395.820 0.000
-4792.539 -5633.846 0.000
-4977.053 -5738.400 0.000
-5216.549 -5416.916 0.000
-2784.422 -4869.033 0.000
-3083.866 -4618.357 0.000
-3256.167 -4833.842 0.000
-3397.942 -4761.283 0.000
-3357.686 -5231.172 0.000
-4125.976 -4199.095 0.000
-4083.856 -4481.525 0.000
-3899.601 -4728.698 0.000
-3916.812 -4631.903 0.000
-3919.844 -4737.102 0.000
-4433.342 -4892.854 0.000
-4374.289 -4695.529 0.000
-4486.077 -4150.300 0.000
-5042.508 -4496.509 0.000
-4917.078 -4001.536 0.000
-4087.591 -5124.064 0.000
-4877.977 -5418.444 0.000
-5065.084 -5135.088 0.000
-4969.788 -4477.286 0.000
-5272.409 -5014.556 0.000
-5197.220 -4926.790 0.000
-5287.976 -4578.993 0.000
-4961.270 -4502.389 0.000
-4867.955 -4167.469 0.000
-4937.732 -3996.224 0.000
-5499.880 -4291.781 0.000
-5259.012 -4317.305 0.000
-5532.986 -5024.911 0.000
-5816.871 -4543.342 0.000
-5568.213 -5293.852 0.000
-6045.289 -4747.329 0.000
-5857.747 -4512.032 0.000
-6391.813 -4267.917 0.000
-6309.528 -4383.939 0.000
-6153.060 -3831.589 0.000
-6221.305 -3958.707 0.000
-6012.649 -4298.958 0.000
-6150.545 -4130.658 0.000
-5575.937 -4094.697 0.000
-6655.961 -1028.469 0.000
-6723.011 -1591.433 0.000
-6712.279 -1925.697 0.000
-6401.131 -1721.480 0.000
-6738.335 -2201.102 0.000
-6013.586 -2962.594 0.000
-6090.424 -2920.728 0.000
-6430.372 -2418.970 0.000
-6174.242 -2098.848 0.000
-6679.371 -2372.130 0.000
-6570.983 -2722.863 0.000
-6208.595 -2913.234 0.000
-6314.381 -3206.444 0.000
-6026.964 -3352.389 0.000
-5813.596 -3029.400 0.000
-6965.630 -3130.683 0.000
-6770.462 -2956.148 0.000
-6828.428 -3542.143 0.000
-6436.299 -3686.305 0.000
-6798.066 -3653.327 0.000
-6606.559 -3418.812 0.000
-6388.447 -3605.635 0.000
-5629.721 -3715.873 0.000
-5422.885 -3319.376 0.000
-5490.693 -3364.687 0.000
-5436.647 -3300.618 0.000
-5576.075 -2979.053 0.000
-5373.075 -2936.088 0.000
-5678.852 -2689.870 0.000
-5211.825 -2413.582 0.000
-6237.060 -1948.223 0.000
-5798.495 -1700.055 0.000
-5606.570 -2257.535 0.000
-5806.039 -2358.939 0.000
-5306.572 -2164.464 0.000
-5483.856 -1657.748 0.000
-5675.028 -1817.774 0.000
-5826.047 -1576.993 0.000
-5716.898 -1363.734 0.000
-6215.155 -1487.186 0.000
-5331.493 -1475.906 0.000
-5208.895 -1606.975 0.000
-5191.042 -1205.858 0.000
-5193.132 -1369.839 0.000
-4807.332 -938.153 0.000
-5966.616 -994.558 0.000
-5791.777 -1024.794 0.000
-6336.282 -722.142 0.000
-6681.312 -1325.750 0.000
-7006.816 -1026.128 0.000
-4938.296 -2951.171 0.000
-4855.116 -3187.639 0.000
-5069.106 -2451.171 0.000
-4673.386 -2462.144 0.000
-5091.458 -2231.277 0.000
-4116.992 -1585.613 0.000
-3971.747 -1613.033 0.000
-4650.367 -2077.592 0.000
-4406.268 -2185.701 0.000
-4892.340 -2171.958 0.000
-4807.606 -1918.978 0.000
-4567.548 -1786.348 0.000
-4492.442 -1576.033 0.000
-4598.171 -1109.120 0.000
-3873.163 -1119.341 0.000
-4930.060 -1827.060 0.000
-4754.316 -1266.569 0.000
-4969.881 -1419.581 0.000
-4670.070 -1151.652 0.000
-4958.349 -1086.843 0.000
-4423.058 -993.148 0.000
-3889.867 -868.157 0.000
-3827.109 -1019.549 0.000
-3662.267 -1286.733 0.000
-3553.084 -732.802 0.000
-3997.382 -571.456 0.000
-3864.205 -617.946 0.000
-4378.292 -427.625 0.000
-4493.727 -649.407 0.000
-4861.186 -966.051 0.000
-5646.205 321.142 0.000
-5461.053 99.935 0.000
-5070.770 -494.247 0.000
-4902.252 -293.486 0.000
-5024.505 -489.877 0.000
-5460.248 -233.084 0.000
-5578.415 -455.536 0.000
-6000.328 -5.504 0.000
-5848.805 -398.686 0.000
-6357.279 -77.769 0.000
-5748.117 -399.872 0.000
-5520.087 -929.981 0.000
-6431.419 -733.911 0.000
-6243.563 -185.331 0.000
-6583.291 -735.007 0.000
-6951.926 -694.682 0.000
-6747.664 -254.251 0.000
-6719.853 -166.821 0.000
-6539.609 191.477 0.000
-6978.561 171.193 0.000
-6888.517 473.498 0.000
-7215.074 -5.774 0.000
-7064.435 -290.000 0.000
-7209.248 -588.268 0.000
-6691.660 -965.276 0.000
-7605.257 -1278.515 0.000
-7197.584 -1087.129 0.000
-7489.999 -798.748 0.000
-6960.461 -899.688 0.000
-7442.698 -1280.045 0.000
-7546.201 -1719.992 0.000
-6939.874 -1145.710 0.000
-6906.338 -1889.994 0.000
-7229.081 -1936.459 0.000
-7275.944 -2183.494 0.000
-7301.049 -2337.398 0.000
-7642.201 -2136.041 0.000
-6943.435 -2999.997 0.000
-7265.869 -2654.687 0.000
-6942.583 -2513.301 0.000
-7457.441 -102.009 0.000
-7872.425 -640.131 0.000
-7537.338 -127.059 0.000
-7518.049 -179.857 0.000
-7686.837 448.980 0.000
-7401.163 768.227 0.000
-7068.661 403.396 0.000
-7034.981 461.957 0.000
-7589.005 1476.033 0.000
-7614.884 1299.482 0.000
-7643.837 690.554 0.000
-7308.883 801.302 0.000
-7415.162 1019.190 0.000
-6723.089 489.247 0.000
-6856.509 1268.066 0.000
-7186.992 1113.056 0.000
-7012.603 1714.509 0.000
-7639.632 1471.359 0.000
-6973.596 1866.606 0.000
-7155.540 2325.119 0.000
-7247.995 2422.463 0.000
-7216.832 2454.651 0.000
-7091.871 2518.646 0.000
-6896.626 2651.499 0.000
-7070.358 975.121 0.000
-6646.659 1151.639 0.000
-6536.732 1323.698 0.000
-6384.492 1720.134 0.000
-6777.443 1904.246 0.000
-6153.495 2281.332 0.000
-6051.969 2320.641 0.000
-6286.272 1785.917 0.000
-6285.458 2264.622 0.000
-6604.542 2132.331 0.000
-6507.751 2399.640 0.000
-6462.169 2334.861 0.000
-6091.107 2830.780 0.000
-6470.155 2905.708 0.000
-6172.206 2814.855 0.000
-6868.164 2516.330 0.000
-6851.028 2766.051 0.000
-7025.399 2919.024 0.000
-6614.646 3094.155 0.000
-6841.649 3200.807 0.000
-6636.516 3305.074 0.000
-6193.177 3091.379 0.000
-5936.002 3387.136 0.000
-5948.514 3243.518 0.000
-5412.058 3226.521 0.000
-6307.174 4669.548 0.000
-6185.584 4245.116 0.000
-6340.132 3871.676 0.000
-6109.641 4437.522 0.000
-6264.316 3897.132 0.000
-6423.490 3671.409 0.000
-6092.438 3533.965 0.000
-5716.727 3576.009 0.000
-5737.974 3911.558 0.000
-5397.113 3397.679 0.000
-5514.477 4060.496 0.000
-5550.006 4416.508 0.000
-5605.749 4738.815 0.000
-5638.875 4890.142 0.000
-5620.809 4730.067 0.000
-5757.258 4993.560 0.000
-5228.742 3929.979 0.000
-5217.847 4256.614 0.000
-5156.010 4636.848 0.000
-4915.281 4353.139 0.000
-5320.505 4801.524 0.000
-4461.743 5806.272 0.000
-4901.093 5392.450 0.000
-5002.511 5080.354 0.000
-4723.992 4759.772 0.000
-4837.424 5077.749 0.000
-4896.802 5592.217 0.000
-4877.786 5497.115 0.000
-4881.354 5703.442 0.000
-4202.532 5742.827 0.000
-4456.639 6223.057 0.000
